# Residue  Shift(ppm)
1 0.000
2 0.000
3 54.684
4 55.604
5 54.372
6 60.378
7 60.167
8 60.076
9 58.593
10 66.192
11 55.554
12 59.382
13 59.231
14 60.157
15 59.400
16 55.350
17 61.963
18 61.452
19 57.215
20 59.364
21 52.423
22 58.442
23 52.689
24 47.261
25 53.827
26 45.510
27 59.882
28 60.338
29 59.706
30 66.493
31 59.248
32 59.381
33 58.043
34 48.395
35 66.882
36 66.336
37 59.106
38 59.169
39 61.519
40 54.550
41 45.567
42 54.552
43 51.191
44 62.397
45 60.546
46 60.108
47 55.055
48 59.130
49 57.843
50 58.567
51 57.680
52 59.407
53 64.938
54 55.960
55 58.985
56 60.822
57 53.812
58 54.252
59 52.549
60 47.202
61 52.506
62 45.746
63 59.562
64 59.989
65 52.206
66 63.684
67 66.506
68 58.664
69 61.296
70 57.955
71 66.364
72 59.053
73 55.835
74 54.446
75 57.993
76 57.154
77 56.335
78 56.447
79 54.583
80 62.218
81 54.544
82 59.577
83 58.332
84 59.456
85 59.475
86 64.483
87 60.044
88 58.995
89 55.192
90 62.095
91 58.946
92 65.684
93 59.891
94 52.326
95 59.067
96 52.990
97 47.153
98 52.605
99 45.204
100 56.060
101 60.184
102 55.865
103 55.995
104 55.262
105 59.384
106 58.229
107 59.703
108 0.000
109 65.939
110 57.503
111 65.484
112 55.480
113 55.357
114 45.489
115 55.502
116 55.738
117 54.230
118 60.764
119 58.066
120 60.010
121 59.306
122 67.013
123 57.703
124 59.097
125 59.437
126 63.921
127 59.768
128 58.435
129 52.191
130 53.988
131 63.354
132 53.774
133 47.498
134 53.712
135 45.757
136 53.145
137 61.703
138 51.083
139 62.898
140 60.458
141 58.421
142 61.577
143 67.051
144 58.721
145 58.344
146 55.268
147 62.754
148 52.774
149 57.615