# Residue  Shift(ppm)
1 0.000
2 0.000
3 41.410
4 29.904
5 43.582
6 71.211
7 29.209
8 29.168
9 29.291
10 37.775
11 17.924
12 29.253
13 37.960
14 31.936
15 29.131
16 18.112
17 39.556
18 63.299
19 41.537
20 40.655
21 38.894
22 32.594
23 39.613
24 0.000
25 40.451
26 0.000
27 72.651
28 39.606
29 72.368
30 67.947
31 32.519
32 29.941
33 42.731
34 0.000
35 68.700
36 31.339
37 31.480
38 30.068
39 62.830
40 42.023
41 0.000
42 30.605
43 39.339
44 32.011
45 71.159
46 29.035
47 18.259
48 29.884
49 42.435
50 28.228
51 40.293
52 33.285
53 37.306
54 38.019
55 30.464
56 32.700
57 40.145
58 19.506
59 39.841
60 0.000
61 37.767
62 0.000
63 71.893
64 39.685
65 42.275
66 36.062
67 30.748
68 29.620
69 39.957
70 40.884
71 68.350
72 33.559
73 31.166
74 18.253
75 30.325
76 32.535
77 32.954
78 33.095
79 41.148
80 69.817
81 41.342
82 63.723
83 29.699
84 29.459
85 29.547
86 37.422
87 29.951
88 29.344
89 17.723
90 39.128
91 30.305
92 31.640
93 40.408
94 38.277
95 32.738
96 39.593
97 0.000
98 38.211
99 0.000
100 43.233
101 38.599
102 66.624
103 18.044
104 18.372
105 29.324
106 42.134
107 30.603
108 0.000
109 31.865
110 31.531
111 69.088
112 38.562
113 42.175
114 0.000
115 30.475
116 32.080
117 44.731
118 71.300
119 39.791
120 29.136
121 30.492
122 31.296
123 40.482
124 29.408
125 33.272
126 36.484
127 30.020
128 29.724
129 21.173
130 40.284
131 38.545
132 39.977
133 0.000
134 40.249
135 0.000
136 32.279
137 33.686
138 38.281
139 37.775
140 28.980
141 29.903
142 39.874
143 31.566
144 28.171
145 33.514
146 31.987
147 70.151
148 19.057
149 33.718